-6.92691344931998E7
-6.181050900663079E7
-6.1869154251329124E7
-6.2012024762378335E7
-6.194417163601661E7
-6.172845040308933E7
-6.159850916216333E7
-6.151648043709326E7
-6.145732574818309E7
-6.141414784513102E7
-6.138280072234875E7
-6.135977853561438E7
-6.1340949175628915E7
-6.13211759124857E7
-6.1302316955651015E7
-6.129192232426651E7
-6.12868149817451E7
-6.1283383043609105E7
-6.128016888038849E7
-6.127663220935151E7
-6.127370584439606E7
-6.1271808304654576E7
-6.1270405386462666E7
-6.126926460655456E7
-6.126830233798589E7
-6.126747682815203E7
-6.12667618120361E7
-6.126613819967752E7
-6.126559089567495E7
-6.126510744868154E7
