-6.92691344931998E7
-6.2078040521758325E7
-6.393314543128132E7
-6.5235031376882434E7
-6.542700304530644E7
-6.512243713362235E7
-6.492180069471773E7
-6.48064179237462E7
-6.4729962882103E7
-6.467782785747583E7
-6.464151002267828E7
-6.461420282211365E7
-6.459129980095253E7
-6.4571823772953324E7
-6.4556500228410125E7
-6.454638573333113E7
-6.453899362683468E7
-6.453144652945269E7
-6.452382629654242E7
-6.451705641776672E7
-6.451179043913163E7
-6.450790020620346E7
-6.45050149077122E7
-6.450298617823709E7
-6.450157174559704E7
-6.450040844885879E7
-6.4499079953547135E7
-6.4497043581856556E7
-6.4493456528271176E7
-6.4487056342525624E7
