-6.92691344931998E7
-6.3841472673469715E7
-6.3177502464688554E7
-6.2703805693912745E7
-6.245976111122602E7
-6.2345146601869375E7
-6.230568865197568E7
-6.227365461067503E7
-6.225041603152945E7
-6.223436077357333E7
-6.222316530692433E7
-6.221510526600374E7
-6.2209102976376444E7
-6.22045139544217E7
-6.220094160006613E7
-6.219812736973809E7
-6.219589230410028E7
-6.21941062657651E7
-6.219267130040536E7
-6.219151214020392E7
-6.219057034163764E7
-6.218980033131744E7
-6.218916652747112E7
-6.2188641141335234E7
-6.218820245954576E7
-6.218783349498515E7
-6.218752092891381E7
-6.218725428650039E7
-6.2187025296721466E7
-6.218682739804651E7
