-6.92691344931998E7
-6.331562617431643E7
-6.845658621765581E7
-7.229603886735953E7
-7.281284414501806E7
-7.213216363020183E7
-7.190446693366227E7
-7.177310108579965E7
-7.168813727202451E7
-7.163375707509655E7
-7.159438381444135E7
-7.156243761285408E7
-7.153375876212828E7
-7.150514471083288E7
-7.14757014910814E7
-7.14459508999795E7
-7.141573060876866E7
-7.138541764274345E7
-7.13575793872334E7
-7.13331067038129E7
-7.130926227636956E7
-7.12894992692279E7
-7.127619675000386E7
-7.126829519791684E7
-7.126275489490311E7
-7.125827118728496E7
-7.125595078181516E7
-7.125501841783005E7
-7.125441905046019E7
-7.125388753356577E7
