-6.92691344931998E7
-6.211258353065386E7
-6.183422569458205E7
-6.171849565528699E7
-6.159322158736207E7
-6.145621989744557E7
-6.135445778371528E7
-6.1285619279613264E7
-6.12366233119318E7
-6.1201634138746545E7
-6.117664106662819E7
-6.1158299343601815E7
-6.114347965371871E7
-6.112937581866982E7
-6.111582811837249E7
-6.110549491267689E7
-6.109895924594306E7
-6.10952168843935E7
-6.109306496034927E7
-6.109167802460686E7
-6.109065575841794E7
-6.108982188302571E7
-6.108909488223059E7
-6.1088431731782675E7
-6.108780392794491E7
-6.1087185006214045E7
-6.108653936803716E7
-6.108580422297226E7
-6.108486135823603E7
-6.108355459656568E7
