-6.92691344931998E7
-6.270674943018949E7
-6.2177653743860275E7
-6.185099149334673E7
-6.165445471289464E7
-6.157613705833117E7
-6.150305240658454E7
-6.14516221866241E7
-6.141630624648984E7
-6.139188936089501E7
-6.137475227554017E7
-6.136253875454063E7
-6.135374399129147E7
-6.134734378540413E7
-6.1342612664574E7
-6.133903989587027E7
-6.13362735400356E7
-6.133407509146536E7
-6.133228390216781E7
-6.133079140867341E7
-6.1329523579798E7
-6.132842930229816E7
-6.132747270900931E7
-6.132662807924013E7
-6.132587644839271E7
-6.1325203367247805E7
-6.132459742851783E7
-6.132404929758092E7
-6.132355107323973E7
-6.132309586288754E7
