-6.92691344931998E7
-6.180834117652876E7
-6.287374899854414E7
-6.3684329472567804E7
-6.382092772784691E7
-6.353460632638384E7
-6.3260593270543076E7
-6.309271265153422E7
-6.301572240636688E7
-6.29644640977591E7
-6.292453710760387E7
-6.289676254587199E7
-6.287951789074514E7
-6.2867810655406475E7
-6.285823023314939E7
-6.284946592675913E7
-6.2843525003977895E7
-6.283956197534061E7
-6.283636648196792E7
-6.283348070158385E7
-6.28304856761713E7
-6.282692214021807E7
-6.2822765299250774E7
-6.281821380535476E7
-6.2812870628556795E7
-6.280621783640442E7
-6.279808814713662E7
-6.278896346441381E7
-6.2779020187374346E7
-6.276563857294971E7
