-6.92691344931998E7
-6.473830596583751E7
-8.033226646673271E7
-1.0051247012756161E8
-1.1640140321307087E8
-1.1887699367015643E8
-1.1758055238924214E8
-1.1657229629769099E8
-1.1613731068398191E8
-1.1624823323374754E8
-1.1639782898891701E8
-1.1642018237493818E8
-1.1643698400527363E8
-1.1651876064962932E8
-1.1661755452989207E8
-1.1669271251675528E8
-1.1674301982272968E8
-1.1678200558552763E8
-1.1681880145642701E8
-1.1685467322581087E8
-1.1688804900319974E8
-1.1691867560959363E8
-1.1694765896545751E8
-1.1697606576903455E8
-1.1700421211194047E8
-1.1703169558656728E8
-1.1705775798192109E8
-1.1708169791090702E8
-1.1710303511779578E8
-1.17121358711855E8
