-6.92691344931998E7
-6.1718858356088705E7
-6.22124369430058E7
-6.265945695716957E7
-6.268144949493373E7
-6.236671171048477E7
-6.219281093059988E7
-6.210214110775104E7
-6.2039819272069514E7
-6.199341943515492E7
-6.196066083887716E7
-6.193725170342435E7
-6.191860634759043E7
-6.1902311954212956E7
-6.188765616448294E7
-6.187467960188103E7
-6.18626626986906E7
-6.184967593320741E7
-6.1833137499640234E7
-6.181941437163046E7
-6.181434549326695E7
-6.181246160057884E7
-6.181136628815673E7
-6.181049583811507E7
-6.180970366151688E7
-6.180895205138368E7
-6.180823254453755E7
-6.1807543339732714E7
-6.18068835222596E7
-6.180625203851921E7
