-6.92691344931998E7
-6.255457712050169E7
-6.559596935355829E7
-6.770417636064996E7
-6.794994355842596E7
-6.757679022089484E7
-6.73554585300445E7
-6.723550456645308E7
-6.71612737709687E7
-6.7105246754062444E7
-6.705829000099716E7
-6.701950344713372E7
-6.699123273661745E7
-6.6971668981952965E7
-6.695593723242238E7
-6.694068891128558E7
-6.6924059256417304E7
-6.6908685047189295E7
-6.689436628320211E7
-6.688304307769212E7
-6.6877110255325176E7
-6.687527325430843E7
-6.687426602279787E7
-6.687267230466188E7
-6.6870763037772745E7
-6.6869259144886576E7
-6.686835377610701E7
-6.6867652822336465E7
-6.68668819080636E7
-6.686590675330046E7
