-324016.3288021407
-411462.85531049984
-428314.6179313388
-433658.8444435293
-436435.70680262987
-436904.3446096571
-436937.1609749727
-436867.68863597856
-436709.97485880123
-436471.61788161047
-436192.5533178013
-435972.95016161475
-435871.4359126287
-435849.86529082415
-435856.1652538326
-435860.5698943005
-435849.252750034
-435814.86735837825
-435751.06392859895
-435650.7085387436
-435509.2883854433
-435337.279068447
-435174.9974461311
-435079.7355531113
-435086.29277444124
-435195.83235505543
-435397.295633203
-435679.7457753879
-436030.8867907949
-436436.46563281724
