-324016.32880214043
-333988.7009099979
-334957.74897396774
-335154.92456327943
-335213.7844092727
-335239.81372717733
-335255.58242746984
-335266.7851310554
-335275.1966319811
-335281.5931863697
-335286.45187501784
-335290.1251661609
-335292.88871581363
-335294.95920703973
-335296.50536663143
-335297.6570901601
-335298.513394104
-335299.14917023
-335299.62072954554
-335299.97022625856
-335300.2291145612
-335300.420808774
-335300.5627080619
-335300.6677253178
-335300.7454350778
-335300.8029318188
-335300.84546980634
-335300.8769390488
-335300.9002187946
-335300.9174397692
