-324016.32880214055
-354087.9080574072
-357974.94471169746
-358873.330535808
-359198.1733266682
-359392.02338350937
-359532.6496659513
-359634.53239579336
-359704.9142728979
-359751.469017966
-359781.3994748483
-359800.4134727321
-359812.54617738514
-359820.44251286756
-359825.74928285624
-359829.45722198
-359832.1508194803
-359834.17357317975
-359835.73031277285
-359836.9475227124
-359837.9075569992
-359838.6674673997
-359839.2691538417
-359839.74480537407
-359840.11987116927
-359840.4147717459
-359840.6459771345
-359840.82676264754
-359840.96778948687
-359841.0775773523
