-324016.3288021408
-329377.3497471681
-329791.66424779984
-329861.6937139093
-329879.32127982285
-329885.12926730537
-329887.4925955133
-329888.61847972
-329889.21303404734
-329889.5465387438
-329889.73995835264
-329889.8541972273
-329889.92236324836
-329889.9632853347
-329889.9879476304
-329890.00285068486
-329890.0118742891
-329890.0173464205
-329890.02066898136
-329890.02268842916
-329890.0239168857
-329890.0246646994
-329890.0251201929
-329890.0253977715
-329890.0255669981
-329890.02567020047
-329890.0257331592
-329890.0257715739
-329890.0257950189
-329890.0258093305
