-324016.32880214025
-389046.6075626823
-398873.34621823643
-401591.72081013914
-402959.0805991462
-403478.24210240995
-403611.7552064448
-403633.02557608724
-403631.7075870636
-403628.6029244512
-403626.48002018814
-403624.8160938673
-403623.0784877583
-403621.1048713091
-403618.9488898169
-403616.7315437974
-403614.5668293547
-403612.5369564002
-403610.69071594824
-403609.05000899296
-403607.6177915254
-403606.38494691247
-403605.33547650825
-403604.4501196068
-403603.7087263214
-403603.09171820374
-403602.5809158499
-403602.1599452817
-403601.8143750882
-403601.5316895
