-324016.3288021406
-363375.2130650927
-368723.16230167117
-369974.40202523605
-370442.06032524497
-370695.2055155691
-370849.30378761684
-370943.05755548505
-370998.1815932837
-371029.40488482395
-371046.57457252726
-371055.8975108124
-371061.05588873295
-371064.1106746831
-371066.1477600777
-371067.7002505385
-371069.00650283066
-371070.15906248445
-371071.1858339356
-371072.0913421889
-371072.87567649095
-371073.5416919056
-371074.096542987
-371074.55086019426
-371074.9172500696
-371075.20888145186
-371075.4384314813
-371075.617426935
-371075.7559169592
-371075.8623854861
