-324016.32880214095
-374633.5392957968
-381825.68672193005
-383589.30621952
-384327.50036327564
-384676.329013811
-384820.6464131456
-384860.99930158403
-384854.2454805291
-384829.9021223028
-384801.8338900109
-384775.8320585881
-384753.8396071686
-384736.0968573084
-384722.1707353799
-384711.4259201727
-384703.22751241026
-384697.01810345566
-384692.338042241
-384688.8215586776
-384686.18400030484
-384684.2070957707
-384682.7251737717
-384681.61338515155
-384680.7781155661
-384680.14941111865
-384679.6751119023
-384679.3163708974
-384679.0442651474
-384678.8372516972
