-324016.3288021403
-346254.60738786927
-348950.0335575048
-349564.5205411608
-349780.0781138333
-349909.37370545336
-350008.8061057552
-350086.1209175322
-350143.08774313715
-350182.8368013654
-350209.4446345379
-350226.75991981936
-350237.8348750712
-350244.8581871055
-350249.3058717347
-350252.1357114384
-350253.9543213457
-350255.14030319854
-350255.92812222184
-350256.4626462263
-350256.83359937463
-350257.0969302455
-350257.28791152907
-350257.4291170999
-350257.53526582354
-350257.61616432824
-350257.678501605
-350257.72695125407
-350257.7648557391
-350257.79465728527
