-324016.3288021407
-339602.2250023365
-341331.26310490613
-341711.7967990064
-341837.3382059462
-341905.4907249209
-341955.8784060545
-341996.13626989763
-342027.8181832852
-342051.90532643284
-342069.634978817
-342082.35486160533
-342091.3088314565
-342097.52668643196
-342101.8035546889
-342104.72605937376
-342106.7141648804
-342108.06255243
-342108.97523656394
-342109.59219710814
-342110.0089028585
-342110.29020579724
-342110.4800439593
-342110.60813476227
-342110.6945553431
-342110.75286045595
-342110.7921975462
-342110.8187383144
-342110.8366462642
-342110.8487300189
