-324016.3288021402
-325876.8122639139
-325960.87393323675
-325967.83380671754
-325968.55489198526
-325968.55093699077
-325968.49118205643
-325968.4535321492
-325968.4349107626
-325968.4264870359
-325968.4228392571
-325968.4212976821
-325968.4206556678
-325968.42039073096
-325968.4202820477
-325968.42023763683
-325968.42021953553
-325968.4202121714
-325968.42020917864
-325968.4202079624
-325968.42020746984
-325968.4202072698
-325968.42020718864
-325968.42020715534
-325968.4202071423
-325968.420207137
-325968.4202071347
-325968.4202071343
-325968.42020713305
-325968.42020713363
