-324016.3288021408
-324016.3288021401
-324016.32880214043
-324016.3288021407
-324016.32880214066
-324016.32880214014
-324016.3288021405
-324016.32880214066
-324016.32880214066
-324016.3288021407
-324016.3288021401
-324016.32880214055
-324016.3288021405
-324016.3288021407
-324016.32880214025
-324016.32880214066
-324016.32880214066
-324016.3288021404
-324016.3288021409
-324016.3288021402
-324016.3288021406
-324016.32880214055
-324016.32880214066
-324016.3288021409
-324016.3288021404
-324016.3288021406
-324016.3288021409
-324016.3288021404
-324016.3288021406
-324016.3288021405
