-324016.3288021405
-411462.85531049955
-428314.61793133896
-433658.8444435297
-436435.7068026299
-436904.34460965695
-436937.1609749731
-436867.68863597827
-436709.97485880245
-436471.6178816108
-436192.5533178012
-435972.9501616151
-435871.4359126282
-435849.86529082386
-435856.165253832
-435860.56989430037
-435849.25275003345
-435814.8673583787
-435751.06392859924
-435650.70853874367
-435509.288385443
-435337.2790684473
-435174.9974461317
-435079.7355531111
-435086.2927744401
-435195.8323550548
-435397.2956332031
-435679.7457753883
-436030.8867907957
-436436.46563281637
