-324016.32880214043
-329377.34974716755
-329791.66424779943
-329861.69371390913
-329879.321279823
-329885.12926730537
-329887.49259551434
-329888.6184797195
-329889.21303404693
-329889.5465387443
-329889.73995835206
-329889.8541972268
-329889.9223632487
-329889.9632853347
-329889.98794763075
-329890.00285068515
-329890.0118742896
-329890.0173464196
-329890.020668981
-329890.0226884292
-329890.0239168861
-329890.0246646996
-329890.0251201934
-329890.02539777145
-329890.0255669971
-329890.025670201
-329890.0257331591
-329890.02577157447
-329890.02579501935
-329890.0258093302
