-324016.3288021405
-324016.3288021405
-324016.32880214043
-324016.3288021405
-324016.3288021405
-324016.3288021405
-324016.32880214043
-324016.32880214043
-324016.3288021405
-324016.3288021405
-324016.32880214043
-324016.3288021405
-324016.32880214043
-324016.32880214043
-324016.3288021405
-324016.32880214043
-324016.3288021405
-324016.3288021405
-324016.3288021405
-324016.32880214043
-324016.32880214043
-324016.3288021405
-324016.32880214043
-324016.32880214043
-324016.3288021405
-324016.3288021405
-324016.3288021405
-324016.32880214043
-324016.32880214043
-324016.3288021405
