-6.926913449322051E7
-6.331562617431341E7
-6.845658621765816E7
-7.229603886737207E7
-7.281284414499557E7
-7.21321636302109E7
-7.190446693366265E7
-7.177310108578363E7
-7.168813727204348E7
-7.163375707508692E7
-7.159438381444508E7
-7.15624376128679E7
-7.153375876212786E7
-7.150514471081561E7
-7.147570149108833E7
-7.144595090000436E7
-7.14157306087563E7
-7.138541764273316E7
-7.135757938722199E7
-7.133310670383589E7
-7.130926227640148E7
-7.128949926922615E7
-7.127619674997929E7
-7.126829519793372E7
-7.12627548948897E7
-7.125827118729424E7
-7.125595078182039E7
-7.125501841782296E7
-7.125441905047187E7
-7.125388753356352E7
