-324016.3288021405
-374633.5392957969
-381825.68672193086
-383589.3062195198
-384327.50036327564
-384676.32901381096
-384820.64641314506
-384860.9993015846
-384854.2454805284
-384829.90212230315
-384801.83389001084
-384775.83205858816
-384753.839607168
-384736.09685730847
-384722.17073538003
-384711.42592017277
-384703.22751241067
-384697.0181034557
-384692.33804224076
-384688.82155867753
-384686.18400030513
-384684.2070957705
-384682.7251737714
-384681.6133851522
-384680.7781155666
-384680.1494111188
-384679.6751119021
-384679.31637089734
-384679.04426514776
-384678.8372516973
