-6.926913449322051E7
-6.180834117655131E7
-6.287374899853552E7
-6.368432947257601E7
-6.382092772784903E7
-6.353460632640861E7
-6.326059327054314E7
-6.309271265153234E7
-6.301572240639142E7
-6.296446409775455E7
-6.292453710763523E7
-6.289676254585414E7
-6.287951789073753E7
-6.2867810655433476E7
-6.285823023318642E7
-6.284946592677918E7
-6.284352500395499E7
-6.2839561975349575E7
-6.2836366481987536E7
-6.2833480701581575E7
-6.28304856761915E7
-6.282692214024035E7
-6.282276529922998E7
-6.281821380535937E7
-6.28128706285392E7
-6.280621783641919E7
-6.2798088147149935E7
-6.27889634644341E7
-6.2779020187350385E7
-6.2765638572962485E7
