-6.92691344931998E7
-6.286781845827118E7
-6.499967873161843E7
-6.6836547815161355E7
-6.716950883312164E7
-6.6775753847192675E7
-6.6299739213744275E7
-6.5904869010048956E7
-6.5587943050749294E7
-6.5330458700581014E7
-6.512606708972815E7
-6.4973503812771924E7
-6.488266088850808E7
-6.481624800095614E7
-6.470434762711619E7
-6.44880959192979E7
-6.4143142827263E7
-6.373815465006053E7
-6.3334867948786825E7
-6.2956709660608046E7
-6.264883554934389E7
-6.248753944423794E7
-6.248289824920353E7
-6.25632349956388E7
-6.266391567351638E7
-6.293061151376973E7
-6.38618040772205E7
-6.4642113707535945E7
-6.5109814423030674E7
-6.554141040990433E7
