-6.926913449322051E7
-6.207804052178869E7
-6.393314543131679E7
-6.5235031376871556E7
-6.542700304532026E7
-6.512243713362041E7
-6.49218006946914E7
-6.480641792375483E7
-6.472996288209374E7
-6.467782785750241E7
-6.464151002267754E7
-6.461420282210025E7
-6.459129980092719E7
-6.4571823772954345E7
-6.455650022843511E7
-6.454638573333678E7
-6.453899362680904E7
-6.453144652941717E7
-6.452382629652562E7
-6.4517056417758E7
-6.451179043913406E7
-6.4507900206235446E7
-6.450501490769808E7
-6.4502986178217374E7
-6.450157174560161E7
-6.450040844885018E7
-6.449907995352258E7
-6.449704358184441E7
-6.449345652825053E7
-6.448705634250474E7
