-6.926913449322051E7
-6.473830596582496E7
-8.033226646671309E7
-1.0051247012747455E8
-1.1640140321301429E8
-1.1887699367014182E8
-1.1758055238922545E8
-1.165722962976839E8
-1.1613731068396284E8
-1.1624823323374589E8
-1.1639782898894951E8
-1.1642018237498489E8
-1.1643698400531282E8
-1.1651876064958873E8
-1.1661755452992481E8
-1.1669271251673812E8
-1.167430198227658E8
-1.1678200558552352E8
-1.1681880145641194E8
-1.1685467322581145E8
-1.1688804900320306E8
-1.169186756095761E8
-1.1694765896540272E8
-1.1697606576905254E8
-1.170042121119767E8
-1.1703169558658287E8
-1.1705775798194952E8
-1.1708169791087988E8
-1.1710303511775935E8
-1.1712135871185368E8
