-6.92691344931998E7
-6.92691344931998E7
-6.92691344931998E7
-6.92691344931998E7
-6.92691344931998E7
-6.92691344931998E7
-6.92691344931998E7
-6.92691344931998E7
-6.92691344931998E7
-6.92691344931998E7
-6.92691344931998E7
-6.92691344931998E7
-6.92691344931998E7
-6.92691344931998E7
-6.92691344931998E7
-6.92691344931998E7
-6.92691344931998E7
-6.92691344931998E7
-6.92691344931998E7
-6.92691344931998E7
-6.92691344931998E7
-6.92691344931998E7
-6.92691344931998E7
-6.92691344931998E7
-6.92691344931998E7
-6.92691344931998E7
-6.92691344931998E7
-6.92691344931998E7
-6.92691344931998E7
-6.92691344931998E7
