-324016.3288021405
-333988.7009099973
-334957.74897396826
-335154.92456327926
-335213.7844092723
-335239.813727178
-335255.58242746996
-335266.7851310554
-335275.1966319815
-335281.59318636946
-335286.45187501836
-335290.12516616116
-335292.8887158139
-335294.95920703973
-335296.50536663167
-335297.65709015913
-335298.51339410373
-335299.14917023026
-335299.6207295454
-335299.9702262584
-335300.2291145608
-335300.42080877454
-335300.56270806165
-335300.66772531765
-335300.7454350777
-335300.80293181917
-335300.84546980646
-335300.8769390489
-335300.900218794
-335300.9174397687
