-324016.3288021405
-354087.90805740765
-357974.944711697
-358873.3305358088
-359198.173326668
-359392.0233835094
-359532.64966595074
-359634.5323957943
-359704.91427289735
-359751.469017965
-359781.3994748476
-359800.41347273183
-359812.5461773843
-359820.4425128686
-359825.74928285537
-359829.45722198056
-359832.15081948054
-359834.1735731791
-359835.7303127725
-359836.9475227132
-359837.9075569989
-359838.6674674002
-359839.26915384165
-359839.74480537383
-359840.119871169
-359840.4147717452
-359840.64597713476
-359840.82676264655
-359840.9677894872
-359841.0775773522
