-6.926913449322051E7
-6.384147267346516E7
-6.317750246466647E7
-6.2703805693934545E7
-6.245976111124784E7
-6.234514660188347E7
-6.2305688651959255E7
-6.227365461067325E7
-6.225041603156081E7
-6.223436077357064E7
-6.222316530693458E7
-6.221510526603085E7
-6.2209102976367876E7
-6.22045139544198E7
-6.220094160006917E7
-6.219812736972085E7
-6.21958923041128E7
-6.219410626574964E7
-6.219267130045307E7
-6.219151214022069E7
-6.219057034163742E7
-6.2189800331293866E7
-6.218916652744871E7
-6.2188641141313E7
-6.218820245955547E7
-6.218783349498204E7
-6.218752092893326E7
-6.218725428651014E7
-6.218702529670793E7
-6.2186827398028925E7
