-324016.3288021405
-346254.6073878696
-348950.033557505
-349564.5205411613
-349780.0781138331
-349909.37370545283
-350008.806105755
-350086.12091753207
-350143.08774313785
-350182.8368013659
-350209.4446345386
-350226.7599198193
-350237.83487507154
-350244.8581871046
-350249.305871734
-350252.13571143785
-350253.95432134584
-350255.1403031984
-350255.92812222126
-350256.46264622675
-350256.8335993744
-350257.09693024505
-350257.2879115287
-350257.42911709996
-350257.53526582354
-350257.61616432754
-350257.6785016046
-350257.72695125476
-350257.7648557379
-350257.7946572858
