-324016.3288021405
-363375.213065093
-368723.16230167035
-369974.4020252358
-370442.0603252446
-370695.20551557007
-370849.3037876169
-370943.05755548505
-370998.18159328436
-371029.404884823
-371046.574572528
-371055.8975108126
-371061.05588873284
-371064.11067468324
-371066.1477600778
-371067.7002505389
-371069.0065028307
-371070.1590624841
-371071.1858339352
-371072.09134218877
-371072.875676491
-371073.54169190594
-371074.096542987
-371074.55086019443
-371074.9172500695
-371075.20888145186
-371075.43843148113
-371075.61742693564
-371075.75591696013
-371075.8623854854
