-6.92691344931998E7
-6.27350660158538E7
-6.208110249225115E7
-6.167882502844848E7
-6.1373436362514496E7
-6.129026490327012E7
-6.123404322716627E7
-6.1192459676253915E7
-6.116159685534997E7
-6.113857541429957E7
-6.1121025393438905E7
-6.110732447465501E7
-6.109648727552563E7
-6.10878664401244E7
-6.108098069998677E7
-6.1075451879172444E7
-6.107098074285113E7
-6.106733185163002E7
-6.106432122964561E7
-6.106180624374185E7
-6.105967734670578E7
-6.105785130981821E7
-6.105626573890978E7
-6.105487472522636E7
-6.105364530370471E7
-6.1052554161407724E7
-6.1051584271786295E7
-6.105072189124973E7
-6.104995467441918E7
-6.10492710567747E7
