-324016.3288021405
-389046.60756268253
-398873.3462182365
-401591.72081013996
-402959.080599146
-403478.2421024093
-403611.75520644477
-403633.0255760875
-403631.7075870635
-403628.60292445146
-403626.4800201889
-403624.8160938668
-403623.07848775986
-403621.10487131006
-403618.94888981694
-403616.7315437974
-403614.5668293551
-403612.5369564005
-403610.6907159472
-403609.0500089933
-403607.6177915253
-403606.3849469127
-403605.3354765081
-403604.45011960587
-403603.7087263218
-403603.0917182038
-403602.5809158499
-403602.159945281
-403601.81437508937
-403601.53168949945
