-324016.3288021405
-339602.2250023366
-341331.2631049068
-341711.7967990067
-341837.3382059466
-341905.49072492204
-341955.8784060549
-341996.13626989775
-342027.8181832856
-342051.9053264329
-342069.63497881725
-342082.3548616053
-342091.30883145635
-342097.5266864328
-342101.8035546883
-342104.7260593751
-342106.71416488086
-342108.0625524291
-342108.97523656423
-342109.5921971083
-342110.00890285865
-342110.2902057972
-342110.4800439592
-342110.6081347624
-342110.6945553435
-342110.75286045624
-342110.7921975459
-342110.81873831496
-342110.836646264
-342110.8487300195
