-324016.3288021405
-325876.8122639139
-325960.8739332373
-325967.8338067182
-325968.5548919856
-325968.5509369907
-325968.4911820566
-325968.4535321488
-325968.4349107625
-325968.42648703576
-325968.4228392568
-325968.4212976823
-325968.420655667
-325968.42039073166
-325968.4202820481
-325968.4202376368
-325968.4202195358
-325968.4202121712
-325968.4202091782
-325968.4202079628
-325968.42020746967
-325968.4202072695
-325968.42020718823
-325968.4202071553
-325968.420207142
-325968.42020713654
-325968.4202071344
-325968.4202071334
-325968.42020713317
-325968.42020713293
