-6.926913449322051E7
-6.181050900661589E7
-6.186915425131628E7
-6.201202476240074E7
-6.194417163602294E7
-6.1728450403123125E7
-6.1598509162145525E7
-6.151648043706219E7
-6.145732574816218E7
-6.141414784511202E7
-6.138280072231634E7
-6.135977853560412E7
-6.134094917565281E7
-6.1321175912495725E7
-6.130231695568322E7
-6.129192232427897E7
-6.128681498176812E7
-6.128338304359095E7
-6.1280168880375676E7
-6.127663220933222E7
-6.127370584440196E7
-6.127180830465285E7
-6.127040538648378E7
-6.1269264606560394E7
-6.1268302337981015E7
-6.126747682816528E7
-6.126676181200024E7
-6.126613819966024E7
-6.126559089565997E7
-6.126510744867404E7
