-6.926913449322051E7
-6.171885835606591E7
-6.22124369430013E7
-6.2659456957184836E7
-6.2681449494965255E7
-6.2366711710501224E7
-6.219281093059575E7
-6.210214110776885E7
-6.2039819272065096E7
-6.199341943516582E7
-6.196066083887233E7
-6.19372517034125E7
-6.191860634760826E7
-6.1902311954232916E7
-6.18876561644853E7
-6.187467960189401E7
-6.186266269872082E7
-6.1849675933191195E7
-6.183313749964489E7
-6.181941437161574E7
-6.181434549326433E7
-6.181246160058888E7
-6.1811366288137235E7
-6.1810495838123426E7
-6.18097036614794E7
-6.180895205138073E7
-6.180823254452515E7
-6.18075433397069E7
-6.180688352226577E7
-6.1806252038511E7
