-6.926913449322051E7
-6.2112583530667625E7
-6.183422569459529E7
-6.171849565524984E7
-6.1593221587354824E7
-6.1456219897440135E7
-6.13544577837352E7
-6.12856192796036E7
-6.123662331194843E7
-6.1201634138771035E7
-6.117664106662816E7
-6.1158299343586765E7
-6.114347965369694E7
-6.112937581867329E7
-6.11158281183594E7
-6.110549491268124E7
-6.1098959245957054E7
-6.109521688439613E7
-6.109306496037397E7
-6.1091678024594694E7
-6.109065575841188E7
-6.108982188304395E7
-6.1089094882231414E7
-6.108843173178932E7
-6.1087803927932635E7
-6.108718500622012E7
-6.108653936802673E7
-6.1085804222979896E7
-6.1084861358227365E7
-6.108355459656301E7
