-324016.328802141
-324016.328802141
-324016.328802141
-324016.328802141
-324016.328802141
-324016.328802141
-324016.328802141
-324016.328802141
-324016.328802141
-324016.328802141
-324016.328802141
-324016.328802141
-324016.328802141
-324016.328802141
-324016.328802141
-324016.328802141
-324016.328802141
-324016.328802141
-324016.328802141
-324016.328802141
-324016.328802141
-324016.328802141
-324016.328802141
-324016.328802141
-324016.328802141
-324016.328802141
-324016.328802141
-324016.328802141
-324016.328802141
-324016.328802141
