-324016.328802141
-325787.455609039
-326088.21647720627
-326245.3201630102
-326310.6077248781
-326334.0568289781
-326341.7581282196
-326344.2780964459
-326345.158162498
-326345.5010838269
-326345.65380183654
-326345.7315891311
-326345.77606461215
-326345.80387318914
-326345.82244049065
-326345.8354402192
-326345.8448604406
-326345.85186018056
-326345.8571578077
-326345.8612216727
-326345.8643701883
-326345.86682742235
-326345.8687555215
-326345.8702744715
-326345.87147464056
-326345.87242501933
-326345.8731788296
-326345.8737774622
-326345.8742533011
-326345.8746317938
