-324016.328802141
-329199.32075851265
-330342.8742988755
-330797.8499314918
-330944.81048669945
-330994.66483864136
-331013.8433717288
-331023.2302690398
-331028.9968007768
-331033.12527784926
-331036.3637600024
-331039.0464328031
-331041.34824357793
-331043.3754729028
-331045.20123375027
-331046.87998673116
-331048.453619208
-331049.9542237646
-331051.4057005935
-331052.82499257737
-331054.2232054633
-331055.6066586424
-331056.97785467264
-331058.3363520747
-331059.6795351317
-331061.003282369
-331062.30253911973
-331063.5718003047
-331064.8055089291
-331065.99837508344
