-324016.328802141
-363440.06850114197
-376114.26402795414
-380783.78776402905
-382503.2769782047
-383188.4381142342
-383437.59375022893
-383542.1446450916
-383623.0889392257
-383725.06282885524
-383859.66102685296
-384021.5879335898
-384195.89829704
-384364.489664356
-384512.35816603963
-384631.01705322025
-384718.733071068
-384778.71191436815
-384816.5812518296
-384838.3272755356
-384849.14473602665
-384853.04800285335
-384852.9096878641
-384850.6663848009
-384847.5506799766
-384844.29376571224
-384841.28602055204
-384838.69842949987
-384836.57086888474
-384834.8731178618
