-324016.328802141
-333765.32767564716
-336146.6152859832
-336985.8374090019
-337252.11811665207
-337348.12245624705
-337392.7535111165
-337419.88579607685
-337438.60683027987
-337451.8245022855
-337461.2645173908
-337468.3932836002
-337474.3674887262
-337479.9768361966
-337485.69957623526
-337491.7933620335
-337498.37021262385
-337505.4453849304
-337512.9668605659
-337520.8344737579
-337528.91517837817
-337537.0577272439
-337545.10741439037
-337552.9198813083
-337560.37237800896
-337567.37114335597
-337573.8543740708
-337579.79115780775
-337585.17741009535
-337590.0301246145
