-324016.328802141
-374853.36753825773
-392986.981686169
-400515.87311015977
-403276.7115265614
-404140.39069372066
-404360.86894121335
-404559.4500588304
-404886.493882529
-405272.9015422785
-405640.8775270931
-405962.870853802
-406269.6825976611
-406680.5215401586
-407389.82331959065
-408562.6384052892
-410102.6337351653
-411536.20102324133
-412350.50937857456
-412504.51306207135
-412364.0355981467
-412140.8475533654
-411900.11436677823
-411679.96357648657
-411497.038599001
-411355.5279176477
-411255.3659027283
-411197.99562354205
-411190.8822339808
-411253.1944124685
