-324016.328802141
-354013.1572749715
-362914.90625832934
-365987.07244639756
-367071.559602311
-367526.60617986985
-367726.442236189
-367819.23887192295
-367878.59871341573
-367930.9495168874
-367985.16319164477
-368044.69354967086
-368110.79463035776
-368183.21256297204
-368260.39329285664
-368339.7787168184
-368418.268542077
-368492.76794894587
-368560.703299495
-368620.3765353883
-368671.07251669967
-368712.934433962
-368746.7062066777
-368773.4544474222
-368794.3431483571
-368810.4855503591
-368822.86572230025
-368832.31004885945
-368839.4887839139
-368844.9326804902
