-324016.328802141
-339380.286670492
-343393.394688279
-344744.59084292484
-345181.83941404184
-345347.96229228575
-345432.5403159639
-345483.0239248656
-345513.41161455645
-345532.6024156577
-345546.85310069885
-345559.71033404843
-345572.9298483775
-345587.3375834109
-345603.30078973825
-345620.92881360365
-345640.144377998
-345660.7088187805
-345682.2433534845
-345704.26449039666
-345726.2361757919
-345747.6307009412
-345767.9853336847
-345786.94280538865
-345804.2695908891
-345819.8529431795
-345833.6827034977
-345845.8256465874
-345856.39907161717
-345865.54794474633
