-324016.328802141
-389330.03290206287
-416389.0065755286
-430187.9194033005
-434022.9916793731
-433763.40071155096
-434031.7968876437
-440793.8963991973
-449640.39720071957
-456255.01135661337
-459516.31902314257
-461349.7746495235
-462437.1748355269
-463261.856075292
-463933.12744397944
-464338.4088826552
-464552.429884359
-464765.10964555806
-465020.7975301736
-464996.75279097253
-464694.41059439786
-464426.36368768866
-464254.7544082671
-464139.96910542896
-464056.8373786414
-463993.2396908184
-463942.933843941
-463902.42974733526
-463869.578862107
-463842.93259498465
