-324016.328802141
-411103.58495296893
-461944.96483663225
-511845.32688594953
-583294.2657530723
-720409.0469800837
-753512.6440999452
-722869.734087633
-707555.779961578
-761753.5686874172
-843201.2811618546
-960693.0246699463
-1091752.5026074632
-1037260.0245084678
-925591.1487818612
-824262.0535523559
-768297.0600114728
-748364.4549015039
-774692.9158960774
-833130.5644533241
-910345.9009881453
-998891.2540571371
-1094236.139810146
-1188045.4588930297
-1275130.5098216576
-1357430.0604471578
-1439463.9427349889
-1521427.4096087946
-1603237.791052184
-1684725.352119877
