-324016.328802141
-346082.2729482984
-352209.0858871367
-354264.4381575613
-354952.63221940945
-355234.0621559357
-355376.8432356893
-355450.3067292743
-355491.63071333995
-355521.85083164024
-355549.88238522573
-355579.08733876655
-355610.7855268782
-355645.49945033964
-355683.298486476
-355723.8666878185
-355766.520065663
-355810.25450676697
-355853.85186691914
-355896.0376734949
-355935.6552272712
-355971.80903076957
-356003.94265403994
-356031.8430669532
-356055.58799496986
-356075.46410648857
-356091.88178352936
-356105.30309518793
-356116.18974921503
-356124.9707411706
