-6.926913449320488E7
-6.207804052177362E7
-6.3933145431281775E7
-6.523503137686696E7
-6.542700304530343E7
-6.512243713362196E7
-6.492180069472189E7
-6.4806417923737004E7
-6.472996288208908E7
-6.4677827857489675E7
-6.4641510022680186E7
-6.461420282211342E7
-6.459129980094941E7
-6.457182377294703E7
-6.4556500228406146E7
-6.4546385733327635E7
-6.4538993626825675E7
-6.453144652944405E7
-6.452382629653502E7
-6.451705641776409E7
-6.451179043914019E7
-6.450790020620442E7
-6.4505014907715805E7
-6.450298617823324E7
-6.45015717456081E7
-6.4500408448868446E7
-6.449907995353473E7
-6.449704358185495E7
-6.449345652827007E7
-6.4487056342526205E7
