-6.92691344932046E7
-6.171885835608987E7
-6.2212436942996435E7
-6.265945695716676E7
-6.268144949494202E7
-6.236671171047434E7
-6.219281093059181E7
-6.210214110774872E7
-6.203981927207077E7
-6.19934194351611E7
-6.19606608388879E7
-6.193725170341684E7
-6.191860634758316E7
-6.1902311954225615E7
-6.188765616447417E7
-6.187467960187782E7
-6.186266269870047E7
-6.1849675933219045E7
-6.18331374996362E7
-6.181941437163712E7
-6.1814345493261315E7
-6.18124616005764E7
-6.181136628815303E7
-6.181049583811196E7
-6.18097036615142E7
-6.180895205137401E7
-6.180823254452815E7
-6.180754333973427E7
-6.180688352226529E7
-6.180625203852288E7
