-6.926913449320468E7
-6.331562617432826E7
-6.845658621764344E7
-7.229603886734344E7
-7.281284414501621E7
-7.213216363022223E7
-7.19044669336546E7
-7.177310108578564E7
-7.168813727202325E7
-7.16337570750953E7
-7.159438381444767E7
-7.156243761286426E7
-7.15337587621305E7
-7.150514471083105E7
-7.147570149107605E7
-7.144595089999308E7
-7.141573060877109E7
-7.138541764274295E7
-7.13575793872241E7
-7.133310670381112E7
-7.130926227637939E7
-7.128949926922539E7
-7.127619675000355E7
-7.126829519791722E7
-7.126275489489296E7
-7.125827118727992E7
-7.125595078180459E7
-7.125501841782439E7
-7.125441905046044E7
-7.12538875335561E7
