-6.926913449320534E7
-6.2554577120503336E7
-6.559596935355842E7
-6.770417636063725E7
-6.794994355843087E7
-6.757679022088405E7
-6.735545853005177E7
-6.723550456646398E7
-6.716127377096733E7
-6.710524675406425E7
-6.705829000099251E7
-6.701950344713891E7
-6.699123273661289E7
-6.697166898195866E7
-6.695593723241487E7
-6.6940688911281265E7
-6.692405925642133E7
-6.6908685047189474E7
-6.6894366283195354E7
-6.688304307769915E7
-6.687711025532646E7
-6.6875273254299924E7
-6.6874266022798344E7
-6.687267230467118E7
-6.6870763037770085E7
-6.686925914488088E7
-6.686835377610694E7
-6.686765282234125E7
-6.686688190805461E7
-6.686590675329826E7
