-6.926913449320494E7
-6.2112583530657746E7
-6.18342256945852E7
-6.171849565527636E7
-6.159322158736125E7
-6.1456219897454776E7
-6.1354457783720165E7
-6.128561927960568E7
-6.123662331192505E7
-6.120163413875424E7
-6.117664106663169E7
-6.115829934359785E7
-6.114347965371917E7
-6.112937581867149E7
-6.111582811836771E7
-6.110549491267419E7
-6.109895924594958E7
-6.109521688439614E7
-6.10930649603485E7
-6.109167802461098E7
-6.1090655758416094E7
-6.10898218830367E7
-6.108909488222028E7
-6.108843173178467E7
-6.1087803927932024E7
-6.108718500621259E7
-6.108653936804054E7
-6.108580422296525E7
-6.1084861358233E7
-6.108355459655688E7
