-6.926913449320523E7
-6.926913449320474E7
-6.926913449320498E7
-6.926913449320512E7
-6.926913449320446E7
-6.926913449320395E7
-6.926913449320512E7
-6.926913449320449E7
-6.926913449320489E7
-6.926913449320458E7
-6.92691344932049E7
-6.92691344932051E7
-6.92691344932044E7
-6.92691344932051E7
-6.926913449320436E7
-6.926913449320482E7
-6.92691344932042E7
-6.926913449320456E7
-6.92691344932049E7
-6.926913449320528E7
-6.926913449320486E7
-6.926913449320483E7
-6.9269134493205E7
-6.926913449320464E7
-6.926913449320476E7
-6.926913449320474E7
-6.926913449320447E7
-6.926913449320482E7
-6.926913449320494E7
-6.926913449320489E7
