-6.926913449320494E7
-6.180834117653448E7
-6.287374899854677E7
-6.368432947257491E7
-6.3820927727850705E7
-6.3534606326386474E7
-6.326059327053062E7
-6.309271265153852E7
-6.30157224063632E7
-6.296446409776182E7
-6.292453710761302E7
-6.289676254586615E7
-6.287951789074403E7
-6.286781065540951E7
-6.285823023315169E7
-6.284946592677085E7
-6.2843525003984556E7
-6.2839561975334525E7
-6.283636648197622E7
-6.283348070157543E7
-6.2830485676177986E7
-6.282692214022913E7
-6.282276529925347E7
-6.281821380535968E7
-6.2812870628564365E7
-6.280621783641351E7
-6.279808814712926E7
-6.278896346442545E7
-6.277902018737462E7
-6.276563857295539E7
