-6.926913449320509E7
-6.473830596584916E7
-8.033226646674567E7
-1.0051247012751712E8
-1.1640140321304175E8
-1.1887699367012894E8
-1.1758055238924395E8
-1.1657229629769067E8
-1.1613731068397105E8
-1.1624823323375946E8
-1.163978289889034E8
-1.1642018237492092E8
-1.1643698400527857E8
-1.1651876064962164E8
-1.1661755452991383E8
-1.1669271251673608E8
-1.1674301982272884E8
-1.16782005585526E8
-1.1681880145643455E8
-1.168546732257995E8
-1.1688804900317311E8
-1.1691867560957924E8
-1.1694765896546058E8
-1.1697606576902625E8
-1.1700421211194472E8
-1.1703169558657038E8
-1.1705775798192988E8
-1.1708169791089752E8
-1.1710303511781134E8
-1.1712135871186277E8
