-6.926913449320553E7
-6.181050900663175E7
-6.186915425132815E7
-6.2012024762365535E7
-6.1944171636023514E7
-6.172845040309097E7
-6.159850916216888E7
-6.1516480437099196E7
-6.1457325748182036E7
-6.141414784512025E7
-6.1382800722347215E7
-6.1359778535610884E7
-6.134094917563666E7
-6.1321175912488855E7
-6.1302316955657914E7
-6.129192232427512E7
-6.12868149817368E7
-6.128338304359871E7
-6.128016888037935E7
-6.1276632209353335E7
-6.1273705844397016E7
-6.127180830465951E7
-6.1270405386470854E7
-6.1269264606543235E7
-6.1268302337989815E7
-6.12674768281456E7
-6.126676181203387E7
-6.126613819966955E7
-6.1265590895660296E7
-6.126510744866477E7
