-6.926913449320467E7
-6.27067494301887E7
-6.217765374385621E7
-6.185099149333711E7
-6.165445471290404E7
-6.15761370583278E7
-6.150305240657811E7
-6.1451622186626315E7
-6.141630624650501E7
-6.1391889360889606E7
-6.137475227553106E7
-6.1362538754538774E7
-6.135374399129487E7
-6.1347343785396665E7
-6.134261266458724E7
-6.133903989587029E7
-6.13362735400274E7
-6.133407509147015E7
-6.1332283902159534E7
-6.133079140867668E7
-6.132952357979325E7
-6.132842930229655E7
-6.132747270901144E7
-6.1326628079232164E7
-6.1325876448386E7
-6.132520336725494E7
-6.1324597428515434E7
-6.132404929758087E7
-6.1323551073250555E7
-6.1323095862874836E7
