-6.926913449320482E7
-6.3841472673468016E7
-6.317750246468368E7
-6.270380569391979E7
-6.245976111123127E7
-6.234514660186577E7
-6.230568865198485E7
-6.227365461067538E7
-6.225041603154208E7
-6.223436077357431E7
-6.2223165306919284E7
-6.221510526600948E7
-6.220910297636135E7
-6.2204513954407774E7
-6.2200941600070335E7
-6.2198127369733594E7
-6.219589230411156E7
-6.219410626575201E7
-6.219267130041517E7
-6.21915121402089E7
-6.219057034162839E7
-6.218980033132549E7
-6.218916652747032E7
-6.2188641141326055E7
-6.218820245955037E7
-6.218783349499208E7
-6.21875209289095E7
-6.218725428649613E7
-6.218702529671341E7
-6.218682739805629E7
