-324016.328802141
-354087.90805740695
-357974.94471169723
-358873.3305358091
-359198.1733266671
-359392.0233835091
-359532.6496659518
-359634.53239579464
-359704.91427289695
-359751.4690179649
-359781.3994748475
-359800.4134727317
-359812.5461773843
-359820.4425128682
-359825.74928285513
-359829.45722198073
-359832.1508194801
-359834.1735731792
-359835.73031277274
-359836.9475227129
-359837.90755699907
-359838.6674674011
-359839.26915384125
-359839.7448053739
-359840.11987116886
-359840.41477174486
-359840.6459771342
-359840.8267626469
-359840.96778948634
-359841.0775773525
