-324016.328802141
-333988.70090999675
-334957.7489739673
-335154.9245632799
-335213.78440927214
-335239.8137271789
-335255.58242747065
-335266.78513105545
-335275.19663198193
-335281.59318636975
-335286.45187501813
-335290.12516615994
-335292.8887158138
-335294.9592070399
-335296.5053666322
-335297.6570901588
-335298.51339410385
-335299.14917023014
-335299.6207295452
-335299.9702262584
-335300.22911456105
-335300.42080877477
-335300.56270806125
-335300.667725318
-335300.74543507805
-335300.80293181905
-335300.845469807
-335300.8769390489
-335300.90021879395
-335300.91743976885
