-324016.328802141
-346254.6073878694
-348950.03355750383
-349564.5205411609
-349780.0781138329
-349909.37370545336
-350008.806105755
-350086.1209175327
-350143.0877431387
-350182.8368013656
-350209.4446345387
-350226.7599198195
-350237.83487507136
-350244.85818710516
-350249.3058717344
-350252.13571143907
-350253.9543213468
-350255.1403031984
-350255.9281222215
-350256.4626462267
-350256.8335993746
-350257.0969302453
-350257.28791152884
-350257.4291170999
-350257.5352658239
-350257.6161643282
-350257.6785016043
-350257.7269512547
-350257.76485573786
-350257.7946572862
