-324016.328802141
-411462.8553104995
-428314.61793133867
-433658.84444353025
-436435.70680263004
-436904.3446096563
-436937.1609749736
-436867.68863597786
-436709.974858802
-436471.6178816106
-436192.55331780156
-435972.9501616152
-435871.43591262866
-435849.865290824
-435856.1652538325
-435860.5698943
-435849.2527500349
-435814.86735837854
-435751.06392859877
-435650.708538744
-435509.2883854438
-435337.2790684473
-435174.9974461321
-435079.73555311136
-435086.2927744415
-435195.8323550548
-435397.2956332026
-435679.745775388
-436030.88679079595
-436436.46563281625
