-324016.328802141
-329377.3497471675
-329791.6642477993
-329861.69371390954
-329879.32127982343
-329885.12926730496
-329887.4925955142
-329888.6184797195
-329889.2130340473
-329889.54653874366
-329889.7399583518
-329889.8541972275
-329889.9223632482
-329889.96328533516
-329889.98794763087
-329890.0028506843
-329890.011874289
-329890.017346419
-329890.02066898136
-329890.0226884299
-329890.0239168868
-329890.0246646992
-329890.0251201934
-329890.02539777133
-329890.02556699794
-329890.0256702012
-329890.0257331585
-329890.0257715739
-329890.02579501906
-329890.02580933
