-324016.328802141
-374633.53929579665
-381825.68672193127
-383589.30621951923
-384327.5003632764
-384676.32901381067
-384820.6464131452
-384860.9993015841
-384854.24548052845
-384829.9021223032
-384801.83389001165
-384775.8320585882
-384753.83960716845
-384736.0968573089
-384722.1707353811
-384711.42592017347
-384703.22751241084
-384697.0181034555
-384692.3380422405
-384688.8215586775
-384686.1840003055
-384684.2070957716
-384682.7251737718
-384681.61338515213
-384680.77811556583
-384680.1494111177
-384679.67511190294
-384679.3163708969
-384679.044265147
-384678.8372516967
