-324016.328802141
-325876.8122639136
-325960.8739332369
-325967.83380671835
-325968.55489198555
-325968.5509369903
-325968.4911820565
-325968.45353214914
-325968.4349107627
-325968.426487037
-325968.4228392567
-325968.4212976817
-325968.4206556667
-325968.4203907308
-325968.42028204823
-325968.42023763683
-325968.4202195354
-325968.4202121713
-325968.4202091784
-325968.4202079631
-325968.42020746943
-325968.4202072693
-325968.4202071881
-325968.4202071547
-325968.4202071416
-325968.42020713637
-325968.42020713404
-325968.4202071333
-325968.4202071329
-325968.4202071327
