-324016.328802141
-363375.2130650932
-368723.1623016698
-369974.4020252361
-370442.0603252447
-370695.2055155696
-370849.3037876172
-370943.057555485
-370998.1815932839
-371029.404884824
-371046.57457252796
-371055.89751081314
-371061.05588873336
-371064.11067468335
-371066.1477600777
-371067.70025053894
-371069.00650283025
-371070.1590624845
-371071.1858339348
-371072.0913421887
-371072.8756764907
-371073.541691906
-371074.09654298716
-371074.5508601937
-371074.91725006927
-371075.20888145233
-371075.43843148113
-371075.61742693564
-371075.7559169595
-371075.86238548585
