-324016.328802141
-339602.22500233643
-341331.26310490654
-341711.7967990065
-341837.33820594696
-341905.490724921
-341955.8784060547
-341996.1362698977
-342027.8181832858
-342051.9053264332
-342069.6349788171
-342082.35486160486
-342091.30883145635
-342097.52668643265
-342101.8035546887
-342104.726059375
-342106.71416488104
-342108.06255242927
-342108.97523656423
-342109.59219710843
-342110.00890285877
-342110.2902057972
-342110.4800439584
-342110.6081347628
-342110.6945553434
-342110.75286045554
-342110.7921975469
-342110.8187383151
-342110.83664626355
-342110.84873001935
