-324016.328802141
-389046.6075626824
-398873.34621823666
-401591.7208101404
-402959.0805991462
-403478.2421024095
-403611.7552064441
-403633.0255760873
-403631.70758706407
-403628.60292445094
-403626.4800201889
-403624.81609386776
-403623.07848776004
-403621.1048713097
-403618.9488898171
-403616.7315437974
-403614.5668293555
-403612.53695640014
-403610.69071594754
-403609.0500089926
-403607.61779152526
-403606.3849469128
-403605.3354765082
-403604.4501196066
-403603.7087263224
-403603.09171820484
-403602.5809158504
-403602.1599452814
-403601.81437508867
-403601.5316894997
